1701691071033333248.000000 0.000000000 0.000000000 0.000000000 -0.000000000 -0.000000000 -0.000000000 1.000000000
1701691071100000000.000000 -0.000538505 -0.004427563 -0.003733178 -0.000347891 0.000009241 -0.000258860 0.999999940
1701691071166666752.000000 0.001252074 -0.005675782 -0.002747426 -0.000266310 -0.000079610 0.000025758 1.000000000
1701691071233333248.000000 0.002559261 -0.005894190 0.004393896 -0.000167166 -0.000155547 0.000024692 1.000000000
1701691071300000000.000000 0.003502165 -0.008769246 0.010019077 -0.000290852 -0.000178790 -0.000089181 1.000000000
1701691071366666752.000000 0.005267262 -0.007522614 0.024222916 -0.000113330 -0.000109331 0.000023539 1.000000000
1701691071433333248.000000 0.005516192 -0.008235435 0.039617468 -0.000302893 -0.000085865 -0.000583985 0.999999821
1701691071500000000.000000 0.007903546 -0.008637577 0.055953342 -0.000227455 -0.000128698 -0.000284996 1.000000000
1701691071566666752.000000 0.014266789 -0.010210129 0.073131390 -0.000239217 -0.000280689 0.000019878 1.000000000
1701691071633333248.000000 0.015887896 -0.010014378 0.096795611 -0.000344664 -0.000134325 -0.000443905 0.999999881
